3.06
-8.03
3.24
2.42
2.63
3.42
0.01
-4.43
1.52
-4.84
8.70
3.34
8.55
8.61
8.00
8.46
8.51
-7.82
4.75
8.72
2.33
-6.29
-4.81
-8.62
8.64
8.31
-1.74
8.66
-2.62
0.65
2.78
-5.70
-1.91
-4.45
5.81
-8.50
-8.39
-6.85
-1.39
-6.33
0.70
4.80
-8.31
5.25
-6.33
7.14
-7.50
6.42
-4.85
-8.46
8.35
-7.82
1.43
-2.75
8.59
2.23
-7.24
-4.50
-2.93
-8.61
-7.94
8.31
-5.53
-4.86
8.24
7.15
4.19
8.31
5.57
6.70
8.19
-0.38
7.75
-5.83
2.78
-3.26
-7.59
-8.23
6.40
4.27
0.47
1.31
-8.15
-0.15
-5.92
6.09
-8.64
-4.11
-1.62
-6.90
5.44
2.63
-2.10
8.66
-4.35
-0.62
6.35
8.61
-1.5
7.50
-8.06
8.36
-8.50
-8.63
8.40
-7.26
-8.71
-3.88
1.80
8.05
-1.61
5.04
6.51
-8.70
-5.61
8.66
3.34
4.46
-1.29
-7.33
-0.36
-8.59
3.73
0.89
2.00
-6.47
-1.73
-7.50
-1.63
-1.55
-8.23
-5.66
-5.08
2.88
0.73
-1.65
7.20
8.64
8.45
8.29
7.92
-6.26
-1.29
-6.41
3.20
-5.74
8.33
-3.14
7.75
8.50
1.97
-3.14
1.99
-6.60
8.60
5.70
6.13
3.83
6.69
-5.44
-5.52
-7.03
-4.15
6.80
-4.82
4.50
-6.71
-8.66
5.76
-7.23
-4.86
-8.62
-3.05
8.66
-8.53
5.01
-7.46
-1.89
8.72
-6.96
8.61
8.24
7.55
-5.32
0.77
5.33
-2.34
8.22
2.19
3.63
1.46
1.04
-1.56
4.73
6.07
1.24
8.50
3.53
8.51
5.68
-5.91
6.55
5.30
1.56
5.70
-3.45
5.03
5.69
-7.42
8.64
-8.46
8.60
4.92
-8.51
3.40
-6.36
-0.53
8.62
8.71
7.14
-5.05
-6.51
0.50
-3.61
-7.86
1.70
-6.92
-5.57
-2.69
8.26
-1.27
8.55
-1.10
-6.73
-0.73
-2.78
-4.30
-7.71
1.05
-8.67
3.69
7.70
-8.32
-7.84
4.34
8.43
-8.61
8.54
-6.75
5.76
6.23
1.25
1.52
-2.39
-8.36
-5.45
-1.18
-7.86
-4.35
-8.28
-8.65
-1.90
8.46
3.15
-8.26
8.71
-5.34
-7.61
8.33
0.43
-5.94
3.04
-2.30
-0.75
-6.05
-8.34
8.53
5.31
-7.69
-2.17
3.51
8.63
1.72
2.98
-2.81
7.68
7.02
6.36
4.12
4.85
-7.66
-1.41
8.50
-2.96
3.96
5.35
6.47
1.66
-5.25
-8.08
-8.55
2.81
2.84
5.05
-8.51
6.41
8.63
7.94
-8.70
7.86
8.50
-7.85
7.50
8.61
-3.46
3.49
3.53
-7.23
2.90
5.49
-1.90
-3.48
-2.51
-3.31
1.07
-1.23
-7.56
-1.31
-8.64
-3.12
7.59
-1.75
4.34
-2.09
-8.02
-3.21
7.56
-2.77
8.36
0.63
-3.50
-1.27
8.43
1.37
5.81
-2.19
-5.91
-8.23
-7.03
0.26
8.75
0.77
6.03
1.47
1.85
7.75
-8.00
-8.63
5.17
-2.54
-8.63
-1.41
-6.40
-5.71
-2.56
-7.94
-2.43
4.01
-1.85
-2.94
-3.43
-3.29
8.77
-5.50
8.75
-4.75
8.33
-3.56
8.20
-4.41
8.69
5.62
-4.96
8.05
8.69
-8.69
-8.34
-2.84
2.01
-1.67
-6.22
8.46
8.72
-8.56
-3.40
7.84
7.88
8.46
-2.26
5.51
-5.22
7.93
5.41
7.81
8.70
-8.60
8.10
7.70
6.26
-8.40
8.13
-8.21
8.11
7.45
8.72
-0.91
1.55
-8.74
5.12
8.70
3.61
-7.31
8.74
6.66
-7.61
0.79
3.83
5.66
5.05
-8.64
-2.82
3.06
8.71
-0.35
0.91
6.42
8.71
-2.66
8.30
-8.01
-5.02
-5.41
2.62
-8.70
-1.78
6.99
7.24
5.84
-6.70
-8.60
-2.72
4.69
3.91
-7.91
-8.26
0.46
3.91
-7.91
-8.26
0.46
5.74
8.73
7.54
-8.61
-5.24
-0.91
2.31
6.62
-5.68
0.69
-8.43
5.05
1.86
8.12
-7.69
-8.59
-8.70
4.21
-6.41
5.26
4.96
8.24
7.47
8.17
-8.06
7.92
-0.21
-5.40
-1.90
3.66
-8.40
8.47
3.36
-7.42
-1.37
-8.67
-1.20
8.28
7.55
-7.62