3.06
-8.03
3.24
2.42
2.63
3.42
0.01
-4.43
1.52
-4.84
8.70
3.34
8.55
8.61
8.00
8.46
8.51
-7.82
4.75
8.72
2.33
-6.29
-4.81
-8.62
8.64
8.31
-1.74
8.66
-2.62
0.65
2.78
-5.70
-1.91
-4.45
5.81
-8.50
-8.39
-6.85
-1.39
-6.33
0.70
4.80
-8.31
5.25
-6.33
7.14
-7.50
6.42
-4.85
-8.46
8.35
-7.82
1.43
-2.75
8.59
2.23
-7.24
-4.50
-2.93
-8.61
-7.94
8.31
-5.53
-4.86
8.24
7.15
4.19
8.31
5.57
6.70
8.19
-0.38
7.75
-5.83
2.78
-3.26
-7.59
-8.23
6.40
4.27
0.47
1.31
-8.15
-0.15
-5.92
6.09
-8.64
-4.11
-1.62
-6.90
5.44
2.63
-2.10
8.66
-4.35
-0.62
6.35
8.61
-1.5
7.50